 : 0.182745 111
": 0.001026 1011100011
&: 0.000032 1100011101010110
': 0.000802 0011011001
(: 0.003143 00110100
): 0.003143 00110101
+: 0.000064 11000111010100
,: 0.008082 1001011
-: 0.002341 110001001
.: 0.008788 1011110
/: 0.000674 11000111110
0: 0.004298 10111011
1: 0.005805 0010010
2: 0.002758 00100000
3: 0.001187 1100010101
4: 0.001058 1011101000
5: 0.000994 1011100001
6: 0.000770 0010000111
7: 0.000641 11000111011
8: 0.000770 0011001011
9: 0.001090 1011101011
:: 0.000770 0011001010
;: 0.000545 10111000101
=: 0.000641 11000111100
>: 0.000096 1011100010000
A: 0.002470 110001101
B: 0.000802 0011011010
C: 0.003079 00110011
D: 0.001123 1100010000
E: 0.001155 1100010001
F: 0.001219 1100010111
G: 0.000385 00110110000
H: 0.004073 10111001
I: 0.001700 100101000
J: 0.000417 00110110001
K: 0.000192 1100011101011
L: 0.001924 100101001
M: 0.001251 1100011100
N: 0.000674 11000111111
O: 0.000674 0010000110
P: 0.001507 001100100
Q: 0.000128 1011100010001
R: 0.001187 1100010100
S: 0.001988 100101011
T: 0.002983 00100111
U: 0.000289 110001110100
V: 0.000417 00110110110
W: 0.001219 1100010110
X: 0.000032 1100011101010111
Y: 0.000032 110001110101010
Z: 0.000641 11000111101
[: 0.001058 1011101001
\: 0.003592 00110111
]: 0.001058 1011101010
^: 0.000257 101110001001
_: 0.001347 001000010
a: 0.051700 0100
b: 0.014561 100100
c: 0.025722 00111
d: 0.027133 01110
e: 0.086658 000
f: 0.020783 110101
g: 0.014400 011111
h: 0.030661 10110
i: 0.059108 1000
j: 0.000449 00110110111
k: 0.002822 00100110
l: 0.030404 10011
m: 0.024503 00101
n: 0.051700 0101
o: 0.054843 0110
p: 0.017800 110000
q: 0.002437 110001100
r: 0.038679 11001
s: 0.044644 11011
t: 0.063342 1010
u: 0.020366 110100
v: 0.005645 0010001
w: 0.008852 1011111
x: 0.001988 100101010
y: 0.013727 011110
z: 0.000994 1011100000
{: 0.003015 00110000
}: 0.003015 00110001
